unique-end-station-id,avg-price	-0.9428571428571427,0.8571110564048153,0.6940856593992578,0.0,0.0,0.0
unique-bikeid,avg-price	-0.7714285714285714,0.8571110564048153,0.4149172876964835,0.0,0.0,0.0
avg-tripduration,avg-price	-0.6,0.6843902002489093,0.44211169845532017,0.0,0.0,0.0
unique-start-station-id,avg-price	-0.9428571428571427,0.8571110564048153,0.7121806150243154,0.0,0.0,0.0
count-tripduration,avg-price	-0.7714285714285714,0.7999418289576203,0.4896668043398539,0.0,0.0,0.0
unique-end-station-id,count-time	0.13093073414159564,0.5372986331254307,0.23951949008628148,0.0,0.0,0.0
unique-bikeid,count-time	0.6546536707079772,0.5372986331254307,0.5092988376587392,0.0,0.0,0.0
avg-tripduration,count-time	0.6546536707079772,0.5372986331254307,0.4466307817733779,0.0,0.0,0.0
unique-start-station-id,count-time	0.13093073414159564,0.5372986331254307,0.22997962069631506,0.0,0.0,0.0
count-tripduration,count-time	0.6546536707079772,0.5014608644551045,0.5710275654615842,0.0,0.0,0.0
