unique-end-station-id,avg-price	-0.6163741645579585,0.5442229867063899,0.7051841152960547,0.0,0.0,0.0
unique-bikeid,avg-price	-0.5268398268398268,0.522278293644623,0.6087503668176031,0.0,0.0,0.0
avg-tripduration,avg-price	-0.32770562770562756,0.27126031043958043,0.7239061950527814,0.0,0.0,0.0
unique-start-station-id,avg-price	-0.6121033372526774,0.5422669186179198,0.6938436431783008,0.0,0.0,0.0
count-tripduration,avg-price	-0.27987012987012966,0.3049256752920919,0.7405759150982809,0.0,0.0,0.0
unique-end-station-id,count-time	-0.035804167277613805,0.05246542560190005,0.28541354156240284,0.0,0.0,0.0
unique-bikeid,count-time	-0.07857142857142875,0.052211190979048666,0.3229741378782268,0.0,0.0,0.0
avg-tripduration,count-time	-0.011904761904758629,0.08997470517985409,0.3142064473368157,0.0,0.0,0.0
unique-start-station-id,count-time	-0.03342691983578517,0.04504596420979838,0.25229569591161005,0.0,0.0,0.0
count-tripduration,count-time	-0.004761904761909802,0.0972432758066225,0.3186015457971415,0.0,0.0,0.0
