avg-BaseH[CloudLayer2],avg-tripduration	0.20166567,0.40350455,0.002,1681.0,1010.0,671.0,916.0,1270.0,654.0,2130.0,250.0,760.0,409.0,262.0
avg-Height[CloudSumm4],unique-end-station-id	0.5083333,0.06823028,0.0,240.0,181.0,59.0,122.0,62.0,4701.0,1670.0,176.0,5.0,3.0,56.0
avg-BaseH[CloudLayer3],unique-bikeid	0.22285715,0.26325685,0.0,1400.0,856.0,544.0,235.0,192.0,2147.0,5262.0,431.0,425.0,337.0,207.0
avg-BaseH[CloudLayer4],unique-bikeid	0.12698413,0.05511811,0.011,252.0,142.0,110.0,77.0,31.0,2641.0,5891.0,104.0,38.0,78.0,32.0
avg-Amt[PrecipHourly1],unique-start-station-id	-0.53184247,0.6131605,0.008,4114.0,963.0,3151.0,30.0,2702.0,1830.0,629.0,23.0,940.0,23.0,3128.0
avg-BaseH[CloudLayer3],count-tripduration	0.1976488,0.2569379,0.0,1361.0,815.0,546.0,269.0,197.0,1828.0,5578.0,362.0,453.0,372.0,174.0
avg-BaseH[CloudLayer4],count-tripduration	0.0042918455,0.051191915,0.028,233.0,117.0,116.0,93.0,34.0,2247.0,6263.0,80.0,37.0,86.0,30.0
avg-Height[CloudSumm3],unique-end-station-id	0.27022058,0.25815636,0.0,1088.0,691.0,397.0,338.0,366.0,3980.0,1569.0,630.0,61.0,51.0,346.0
avg-Temp[ExtTemp2],avg-tripduration	0.19736843,0.27906975,0.004,912.0,546.0,366.0,686.0,473.0,925.0,2628.0,125.0,421.0,250.0,116.0
avg-Visby[Visibility],unique-start-station-id	0.48414025,0.57133776,0.003,3594.0,2667.0,927.0,2174.0,240.0,2293.0,686.0,2526.0,141.0,765.0,162.0
avg-BaseH[CloudLayer2],unique-bikeid	0.14409606,0.4730199,0.002,2998.0,1715.0,1283.0,348.0,521.0,1589.0,4222.0,570.0,1145.0,657.0,626.0
avg-Temp[Temp],unique-start-station-id	0.4045584,0.48758462,0.0,2808.0,1972.0,836.0,729.0,1408.0,2886.0,879.0,1360.0,612.0,101.0,735.0
avg-BaseH[CloudLayer2],count-tripduration	0.14596063,0.46636063,0.012,2946.0,1688.0,1258.0,395.0,526.0,1344.0,4477.0,471.0,1217.0,709.0,549.0
avg-Amt[PrecipHourly2],avg-tripduration	0.52,0.052709255,0.05,125.0,95.0,30.0,24.0,140.0,1151.0,3178.0,0.0,95.0,15.0,15.0
avg-Height[CloudSumm4],unique-start-station-id	0.49137932,0.06656147,0.001,232.0,173.0,59.0,126.0,66.0,4736.0,1579.0,169.0,4.0,6.0,53.0
count-time,unique-end-station-id	-0.49517792,0.53014815,0.036,3007.0,759.0,2248.0,191.0,1508.0,2672.0,959.0,136.0,623.0,99.0,2149.0
avg-BaseH[CloudLayer3],unique-end-station-id	0.22470905,0.2639414,0.002,1117.0,684.0,433.0,332.0,378.0,3956.0,1564.0,619.0,65.0,52.0,381.0
avg-BaseH[CloudLayer4],unique-end-station-id	0.5156951,0.06397934,0.002,223.0,169.0,54.0,92.0,45.0,4718.0,1670.0,164.0,5.0,3.0,51.0
avg-Height[CloudSumm3],unique-start-station-id	0.2637465,0.25657582,0.0,1073.0,678.0,395.0,348.0,371.0,4016.0,1483.0,620.0,58.0,51.0,344.0
avg-Temp[ExtTemp2],unique-bikeid	0.13197969,0.28970587,0.044,1576.0,892.0,684.0,272.0,223.0,2286.0,4947.0,302.0,590.0,487.0,197.0
avg-Temp[Temp],avg-tripduration	0.40955004,0.46291178,0.0,2178.0,1535.0,643.0,1386.0,1381.0,521.0,1766.0,403.0,1132.0,401.0,242.0
avg-BaseH[CloudLayer3],unique-start-station-id	0.22463769,0.26288843,0.0,1104.0,676.0,428.0,341.0,382.0,3988.0,1480.0,613.0,63.0,49.0,379.0
avg-BaseH[CloudLayer4],unique-start-station-id	0.509434,0.061387,0.001,212.0,160.0,52.0,97.0,51.0,4756.0,1579.0,156.0,4.0,6.0,46.0
avg-Height[CloudSumm2],avg-tripduration	0.20427553,0.4042247,0.0,1684.0,1014.0,670.0,919.0,1264.0,649.0,2132.0,255.0,759.0,408.0,262.0
avg-Height[CloudSumm3],avg-tripduration	0.17512691,0.25191817,0.0,788.0,463.0,325.0,609.0,395.0,929.0,2747.0,161.0,302.0,249.0,76.0
avg-Temp[ExtTemp2],unique-end-station-id	0.21393842,0.28338498,0.007,1234.0,749.0,485.0,390.0,447.0,4091.0,1313.0,526.0,223.0,145.0,340.0
avg-Temp[Temp],unique-bikeid	0.44722855,0.5745238,0.0,3951.0,2859.0,1092.0,502.0,492.0,1455.0,3403.0,963.0,1896.0,725.0,367.0
avg-Temp[Temp],count-tripduration	0.42857143,0.5738039,0.0,3934.0,2810.0,1124.0,587.0,424.0,1259.0,3574.0,792.0,2018.0,811.0,313.0
avg-Stp[Press],unique-bikeid	-0.19410875,0.43441886,0.029,2648.0,1067.0,1581.0,321.0,413.0,1916.0,4245.0,447.0,620.0,1159.0,422.0
avg-Height[CloudSumm4],unique-bikeid	0.10819672,0.06624675,0.014,305.0,169.0,136.0,85.0,34.0,2621.0,5858.0,118.0,51.0,98.0,38.0
avg-Height[CloudSumm4],count-tripduration	0.0068965517,0.06327043,0.043,290.0,146.0,144.0,99.0,35.0,2223.0,6230.0,96.0,50.0,106.0,38.0
avg-Amt[PrecipHourly1],unique-end-station-id	-0.52671015,0.61361617,0.0,4137.0,979.0,3158.0,34.0,2675.0,1801.0,700.0,20.0,959.0,22.0,3136.0
avg-BaseH[CloudLayer3],avg-tripduration	0.1985294,0.25941822,0.0,816.0,489.0,327.0,590.0,421.0,924.0,2724.0,164.0,325.0,249.0,78.0
avg-Height[CloudSumm2],unique-bikeid	0.15101229,0.47538656,0.0,3013.0,1734.0,1279.0,338.0,516.0,1584.0,4212.0,583.0,1151.0,661.0,618.0
avg-Height[CloudSumm3],unique-bikeid	0.22986823,0.25771153,0.002,1366.0,840.0,526.0,250.0,176.0,2172.0,5271.0,428.0,412.0,341.0,185.0
avg-Stp[Press],count-tripduration	-0.19233717,0.429665,0.036,2610.0,1054.0,1556.0,381.0,391.0,1672.0,4485.0,341.0,713.0,1205.0,351.0
avg-Height[CloudSumm2],count-tripduration	0.14555894,0.46873516,0.012,2961.0,1696.0,1265.0,394.0,512.0,1345.0,4461.0,471.0,1225.0,717.0,548.0
avg-Height[CloudSumm3],count-tripduration	0.2059925,0.25286484,0.001,1335.0,805.0,530.0,275.0,182.0,1844.0,5588.0,367.0,438.0,377.0,153.0
avg-Temp[ExtTemp2],unique-start-station-id	0.23832145,0.2922258,0.004,1263.0,782.0,481.0,390.0,418.0,4103.0,1207.0,534.0,248.0,137.0,344.0
avg-Visby[Visibility],unique-end-station-id	0.4784044,0.5748853,0.0,3635.0,2687.0,948.0,2150.0,223.0,2284.0,719.0,2520.0,167.0,795.0,153.0
avg-Temp[Temp],unique-end-station-id	0.39225352,0.49037382,0.0,2840.0,1977.0,863.0,647.0,1458.0,2825.0,973.0,1406.0,571.0,137.0,726.0
